#C 2017 Anchovy data file
#C Global model specifications ###
##################################
1984	#Start year
2017	#End year
2	#Number of seasons/year
6	6	#Number of months/season
2	#Spawning occurs at beginning of season
2	#Number of fishing fleets
4	#Number of surveys
1	#Number of areas
Fish_Chi%Fish_Per%SurAdu_Per%SurJuv_Per%SurJuv_Chi%SurBio_Chi
-0.5	-0.5	0.16	0.16	0.16	0.5	#fleet timing_in_season
1	1	1	1	1	1	#Area of each fleet
1	1	#Units for catch by fishing fleet: 1=Biomass(mt),2=Numbers(1000s)
0.05	0.05	#SE of log(catch) by fleet for equilibrium and continuous options
1	#Number of genders
4	#Number of ages in population dynamics
### Catch section ###
0	0	#Initial equilibrium catch (landings + discard) by fishing fleet
68	#Number of lines of catch
#Fish_Chi_Catch_Fish_Per_Catch_Year_Season
0.230	11.786	1984	1
0.01	10.629	1984	2
51.487	36.953	1985	1
0.01	109.494	1985	2
320.454	229.294	1986	1
895.170	82.900	1986	2
149.006	106.131	1987	1
29.783	140.338	1987	2
321.520	179.825	1988	1
444.759	105.811	1988	2
702.701	362.763	1989	1
559.332	99.966	1989	2
359.332	172.833	1990	1
214.296	7.106	1990	2
459.878	336.397	1991	1
103.433	41.140	1991	2
669.097	400.105	1992	1
285.785	473.075	1992	2
503.743	459.812	1993	1
552.540	171.617	1993	2
1044.829	640.692	1994	1
900.158	208.497	1994	2
1120.183	904.515	1995	1
361.928	66.983	1995	2
500.109	132.193	1996	1
340.022	51.639	1996	2
1005.311	876.436	1997	1
312.871	204.246	1997	2
110.364	284.168	1998	1
22.592	12.756	1998	2
492.185	394.383	1999	1
317.487	144.988	1999	2
543.529	477.599	2000	1
611.297	6.170	2000	2
424.030	349.755	2001	1
216.262	12.840	2001	2
521.605	813.660	2002	1
696.865	529.183	2002	2
335.772	181.534	2003	1
82.171	12.236	2003	2
782.252	552.015	2004	1
612.122	167.221	2004	2
130.902	995.050	2005	1
473.330	42.989	2005	2
296.834	684.750	2006	1
289.749	192.706	2006	2
478.066	782.872	2007	1
296.894	161.954	2007	2
486.920	618.252	2008	1
239.192	228.515	2008	2
275.322	272.597	2009	1
231.353	268.681	2009	2
344.077	273.642	2010	1
181.753	16.941	2010	2
754.309	383.011	2011	1
315.158	282.817	2011	2
287.661	300.781	2012	1
600.832	56.853	2012	2
170.285	42.051	2013	1
393.770	208.379	2013	2
423.234	327.695	2014	1
423.312	8.649	2014	2
240.114	249.758	2015	1
274.412	44.290	2015	2
145.073	151.873	2016	1
98.400	3.203	2016	2
391.804	170.929	2017	1
169.741	9.382	2017	2
##################################################
85	#Number of index observations
# Units: 0=numbers,1=biomass,2=F; Errortype: -1=normal,0=lognormal,>0=T
# Fleet Units Errortype
1	1	0	#Fishery_Chi
2	1	0	#Fishery_Per
3	1	0	#Acoustic_Survey_Total_Peru
4	1	0	#Acoustic_Survey_Juven_Peru
5	1	0	#Acoustic_Survey_Juven_Chile
6	1	0	#Acoustic_Survey_Spawing_Biomass_Chile
# Acoustic_Survey_Total_Biomass_Peru
# Year_season_fleet/Survey_Value_Std.err
1990	1	3	187.280	0.3
1991	2	3	558.368	0.3
1992	1	3	482.515	0.3
1993	1	3	893.879	0.3
1994	1	3	744.616	0.3
1995	1	3	2667.899	0.3
1996	1	3	648.378	0.3
1997	2	3	745.312	0.3
1998	1	3	1306.918	0.3
1999	1	3	178.257	0.3
2000	1	3	330.559	0.3
2000	2	3	192.139	0.3
2001	1	3	108.379	0.3
2001	2	3	91.733	0.3
2002	1	3	141.558	0.3
2002	2	3	867.405	0.3
2003	1	3	139.080	0.3
2003	2	3	700.270	0.3
2004	1	3	682.687	0.3
2005	1	3	1375.134	0.3
2006	2	3	283.033	0.3
2007	2	3	1318.827	0.3
2008	1	3	554.605	0.3
2009	1	3	425.968	0.3
2010	1	3	1274.988	0.3
2011	1	3	613.153	0.3
2012	1	3	204.008	0.3
2012	2	3	2067.953	0.3
2013	1	3	139.760	0.3
2013	2	3	1874.624	0.3
2014	1	3	640.068	0.3
2014	2	3	244.329	0.3
2015	1	3	534.234	0.3
2016	2	3	370.000	0.3
2017	2	3	324.000	0.3
# Acoustic_Survey_Juvenil_Biomass_Peru
# Year_season_fleet/Survey_Value_Std.err
1998	1	4	398	0.3
2002	1	4	471	0.3
2003	1	4	354	0.3
2004	1	4	517	0.3
2005	1	4	443	0.3
2006	1	4	108	0.3
2007	1	4	164	0.3
2008	1	4	222	0.3
2009	1	4	88	0.3
2010	1	4	838	0.3
2011	1	4	57	0.3
2015	1	4	570	0.3
# Acoustic survey Juvenil Biomass Chile
# Year_season_fleet/Survey_Value_Std.err
1997	1	5	310	0.3
1998	1	5	115	0.3
1999	1	5	222	0.3
2000	1	5	77	0.3
2001	1	5	157	0.3
2002	1	5	175	0.3
2007	1	5	57	0.3
2008	1	5	146	0.3
2009	1	5	18	0.3
2010	1	5	59	0.3
2011	1	5	177	0.3
2012	1	5	7.5	0.3
2013	1	5	11.1	0.3
2014	1	5	6.2	0.3
2015	1	5	255	0.3
2016	1	5	210	0.3
2017	1	5	260	0.3
# Acoustic survey Spawning Biomass Chile
# Year_season_fleet/Survey_Value_Std.err
1992	2	6	280.714	0.2
1995	2	6	218.468	0.2
1996	2	6	288.152	0.2
1997	2	6	423.654	0.2
1999	2	6	751.810	0.2
2000	2	6	737.217	0.2
2001	2	6	193.857	0.2
2002	2	6	1283.127	0.2
2003	2	6	477.004	0.2
2004	2	6	757.385	0.2
2005	2	6	977.285	0.2
2006	2	6	953.115	0.2
2007	2	6	202.088	0.2
2008	2	6	141.270	0.2
2009	2	6	215.886	0.2
2011	2	6	673.857	0.2
2012	2	6	427.071	0.2
2013	2	6	550.629	0.2
2014	2	6	437.627	0.2
2015	2	6	525.087	0.2
2016	2	6	342.000	0.2
##################################################
0	#_N_fleets_with_discard
0	#_N_discard_obs
0	#_N_meanbodywt_obs
30	#_DF_for_meanbodywt_T-distribution_like
## Population size structure
2	#_Length bin method: 1=use databins; 2=generate from binwidth,min,max below; 3=read_vector
0.5	3	23	#_Population length bin width;_Minimum size bin;_Maximum size bin
-1	#_Minimum proportion for compressing tails of observed compositional data
0.001	#_Constant added to expected frequencies
0	#_Combine males and females at and below this bin number
41	#_Number of Data Length Bins
#_Lower edge of bins
3 3.5 4 4.5 5 5.5 6 6.5 7 7.5 8 8.5 9 9.5 10 10.5 11 11.5 12 12.5 13 13.5 14 14.5 15 15.5 16 16.5 17 17.5 18 18.5 19 19.5 20 20.5 21 21.5 22 22.5 23
128	#_N_Length_obs
#Length comps: 7.5-23cm by 0.5cm interval=33 intervals of length
#year_Season_Fleet_Gender_Partition_nSamps_L7_L7.5_L8_L8.5_L9_L9.5_L10_L10.5_L11_L11.5_L12_L12.5_L13_L13.5_L14_L14.5_L15_L15.5_L16_etc
1984	1	1	0	2	15	0	0	0	0	0	0	0	0	0	0	0	131	219	831	1313	2713	2232	1138	788	963	2144	2757	2363	1575	438	88	0	0	0	0	0	0	0	0	0	0	0	0	0	0	0
1985	1	1	0	2	15	0	0	0	0	0	0	0	0	4361	26164	129833	334419	378388	591803	581163	541648	391528	585009	575618	752836	744284	853861	580707	354717	171001	105307	32786	25052	28850	39987	6137	171	0	0	0	0	0	0	0	0	0
1986	1	1	0	2	15	0	0	0	0	0	0	0	0	0	0	0	1571	17725	100377	320430	523459	650043	793360	702020	683470	633118	727897	951735	1008665	766877	481093	290948	601742	1599466	1943874	1058366	249111	24464	0	0	0	0	0	0	0	0
1986	2	1	0	2	15	0	0	0	0	0	0	0	0	0	0	0	0	0	0	0	3944	8798	29186	32369	73411	195480	377897	834635	1365680	1687014	1775586	1375470	1414321	4051070	8382579	5471169	1546722	133746	1129	0	0	0	0	0	0	0
1987	1	1	0	2	15	0	0	0	0	0	0	0	0	0	0	0	0	0	0	417	0	225	46	3025	10669	17775	36850	56804	123814	294675	595618	715625	698125	777507	1051363	610570	202433	24959	3862	0	0	0	0	0	0	0
1987	2	1	0	2	15	0	0	0	0	0	0	0	0	0	815	4892	12230	9784	36690	105992	192416	292701	280471	349774	359660	279301	85714	19573	1074	3114	11213	24360	33789	41741	32823	30531	17485	3619	51	0	0	0	0	0	0	0
1988	1	1	0	2	15	0	0	0	0	0	0	0	0	2197	23867	124650	504483	1015403	1488156	1751424	1750508	1584149	1723326	1712040	1796349	1268050	1321069	1560085	2247215	2101081	1147158	390910	151510	51343	57147	24715	7703	1465	0	0	0	0	0	0	0	0
1988	2	1	0	2	15	0	0	0	0	0	0	0	0	965	0	6133	13382	48556	107179	151421	185946	171965	228155	274991	290909	331962	352944	363723	383334	880271	2371818	4238232	3537462	1715681	486396	90656	30305	15624	21691	0	0	0	0	0	0	0
1989	1	1	0	2	15	0	0	0	0	0	0	0	0	0	0	2176	8790	18512	57605	131204	354965	673294	1188383	1721827	1852374	2095060	2449938	2513261	2547057	2486998	2716511	2606710	2546945	2675204	1590819	446801	79020	8177	0	0	0	0	0	0	0	0
1989	2	1	0	2	15	0	0	0	0	0	0	0	0	0	0	29462	99719	419272	723214	1195060	981451	449497	260032	133378	152006	117374	167535	181651	207944	299843	474269	1160085	2660409	4527282	3460286	1396630	317708	21863	1217	0	0	0	0	0	0	0
1990	1	1	0	2	15	0	0	0	0	0	0	0	0	1186	3213	14236	24654	66918	117232	208365	469202	746999	1200817	1453834	1354570	1306729	1206407	1064814	1150196	1353348	1133422	852714	647173	801355	1156872	894644	332842	59723	1242	0	0	0	0	0	0	0
1990	2	1	0	2	15	0	0	0	0	0	0	0	0	305	1523	10697	28595	86788	180313	263577	355520	437446	417951	352685	229020	198094	166931	233993	339982	492799	683156	991919	1192142	1007488	642406	345774	114847	15632	1557	0	0	0	0	0	0	0
1991	1	1	0	2	15	0	0	0	0	0	0	0	0	0	0	0	490	1469	6552	2449	10368	10435	14394	29062	66487	233656	603397	1389311	2470287	4052002	4775209	3539053	1368832	434742	220615	94039	22261	2745	795	0	0	0	0	0	0	0
1991	2	1	0	2	15	0	0	0	0	0	0	0	0	0	0	0	222	1280	4775	8065	9013	11130	17178	21044	29891	13427	9403	82987	411492	976201	1138522	895054	395242	142262	39209	14299	1990	399	0	0	0	0	0	0	0	0
1992	1	1	0	2	15	0	0	0	0	0	0	0	0	0	1175	1436	5141	12954	40462	95171	148106	305777	742995	1381208	2785731	5245654	7513916	6276333	4975161	3742970	2311443	1618837	808025	310242	87297	7800	23906	0	0	0	0	0	0	0	0	0
1992	2	1	0	2	15	0	0	0	0	0	0	0	0	707	3683	14729	38584	74305	96428	138908	201670	307903	358859	393605	461146	748537	2419302	4252967	3962245	1589439	499489	75296	31800	6940	0	0	0	371	0	0	0	0	0	0	0	0
1993	1	1	0	2	15	0	0	0	0	0	0	0	0	170	3916	63235	201633	392927	731073	910023	1137597	1206604	1320438	1650278	1862982	2102572	2797348	2866258	3399184	3469425	3352640	1515122	504022	79243	3950	92	0	0	0	0	0	0	0	0	0	0
1993	2	1	0	2	15	0	0	0	0	0	0	0	0	35662	62290	83082	138730	202098	318841	351297	456035	583777	780544	1161912	1541295	1611330	1587574	2079026	3189688	3661369	3843918	2943377	1565439	424996	79661	11352	208	0	0	0	0	0	0	0	0	0
1994	1	1	0	2	15	0	0	0	0	0	0	0	0	0	0	207	13971	54094	142925	374256	838875	1607916	2778252	3840502	4674643	5092034	6395892	7182983	8295214	6887365	4578015	2373753	1403148	756706	215949	27974	2074	0	0	0	0	0	0	0	0	0
1994	2	1	0	2	15	0	0	0	0	0	0	0	0	1251	6256	19548	68602	245473	556653	581795	521753	442361	430874	477523	421293	316301	404418	1629981	5653454	9688275	9297093	4719292	2255207	667839	158363	17443	1553	78	0	0	0	0	0	0	0	0
1995	1	1	0	2	15	0	0	0	0	0	0	0	0	7120	18574	13399	13213	9179	11924	52709	193618	528844	888936	1628347	2436449	3152029	4124310	4840998	5599230	6107825	7134826	5937811	3445708	1560447	992171	556764	176881	20644	529	0	0	0	0	0	0	0
1995	2	1	0	2	15	0	0	0	0	0	0	0	0	12279	43780	87438	190186	324954	511810	611931	699733	688368	653328	616138	573234	540712	728593	854434	1244491	1618041	2027734	2021093	1634070	835837	344456	166129	96152	39376	10138	0	0	0	0	0	0	0
1996	1	1	0	2	15	0	0	0	0	0	0	0	0	0	105	3165	8303	16431	31635	42236	99263	204402	429355	830682	1302197	1551430	1933338	1899298	2176508	2240169	2489785	2438867	2274662	1214473	423323	58322	13418	2390	0	0	0	0	0	0	0	0
1996	2	1	0	2	15	0	0	0	0	0	0	0	0	0	0	0	0	0	0	0	0	489	9684	25573	29781	105121	228192	348910	492280	622329	874015	1469167	2068493	1684333	834147	134632	10177	35	0	0	0	0	0	0	0	0
1997	1	1	0	2	15	0	0	0	0	0	0	0	0	6674	7169	4573	1360	2141	11057	73791	242818	590336	1033339	1674692	2256447	3022765	4737465	6250740	7901244	7796220	6584870	3741697	1777057	832435	539161	218237	64777	6420	0	0	0	0	0	0	0	0
1997	2	1	0	2	15	0	0	0	0	0	0	0	0	5853	36854	87658	138594	141967	198196	179741	192693	197241	298931	295921	348655	417023	860696	1622158	2233189	2396309	2538102	1788843	793179	250303	97500	20523	2948	103	79	0	0	0	0	0	0	0
1998	1	1	0	2	15	0	0	0	0	0	0	0	0	137	222	531	5646	22186	78597	183078	307761	460602	721296	970699	1309959	1200490	1066203	526170	220602	90676	201907	321998	204201	37335	5298	1509	0	0	0	0	0	0	0	0	0	0
1998	2	1	0	2	15	0	0	0	0	0	0	0	0	2538	6568	23378	33937	42264	41632	64789	92211	108265	109318	128980	182083	252515	251667	156154	85502	33171	15496	4118	723	0	0	0	0	0	0	0	0	0	0	0	0	0
1999	1	1	0	2	15	0	0	0	0	0	0	0	0	0	0	413	1142	1812	6529	31923	80019	201763	445167	908694	1447779	2117883	2447804	2882062	2952276	2928172	2733179	2101072	1136062	315272	43690	0	0	0	0	0	0	0	0	0	0	0
1999	2	1	0	2	15	0	0	0	0	0	0	0	0	180	992	2795	9102	19491	37786	53227	82671	102685	110925	99420	105417	172437	320504	587393	1428434	2346309	2476451	1676328	1394165	841444	347418	58965	1745	0	0	0	0	0	0	0	0	0
2000	1	1	0	2	15	0	0	0	0	0	0	0	0	0	0	1342	9242	29797	47379	59539	84474	122220	141873	195605	235225	209099	235094	382546	813988	2378882	3571338	3304774	3253083	2046224	1114378	382741	76754	4569	170	0	0	0	0	0	0	0
2000	2	1	0	2	15	0	0	0	0	0	0	0	0	0	194	694	4662	23483	60699	134289	190961	254537	267082	279560	427480	588609	804844	657442	457592	480076	1670546	4389186	5590452	3411270	1295878	282099	48846	5537	327	0	0	0	0	0	0	0
2001	1	1	0	2	15	0	0	0	0	0	0	0	0	0	0	311	885	3710	9501	29174	53515	66961	86564	104644	160356	244891	387945	658541	1224494	2193116	2972236	2482093	2014962	1558571	1048493	375469	79403	6867	120	0	0	0	0	0	0	0
2001	2	1	0	2	15	0	0	0	0	0	0	0	0	0	125	655	3104	8245	17453	29464	58297	79431	85443	71938	70838	70865	78562	112362	249925	583067	1403089	1919643	1714759	793724	311329	81384	17485	2411	526	0	0	0	0	0	0	0
2002	1	1	0	2	15	0	0	0	0	0	0	0	0	0	0	182	275	2828	13340	37450	0	75060	136464	244399	483604	821044	1212286	2012295	2721400	3905795	3671599	2990354	1616563	1245923	668421	347207	87646	14128	929	0	0	0	0	0	0	0
2002	2	1	0	2	15	0	0	0	0	0	0	0	0	0	0	0	0	0	0	238	0	0	106	4146	109003	523659	1468621	3484864	4848649	6532635	5159081	4112506	1972528	929076	319219	130698	40866	13051	2224	0	0	0	0	0	0	0
2003	1	1	0	2	15	0	0	0	0	0	0	0	0	782	2650	7362	7822	4573	5114	10989	22987	37750	45834	45656	91069	174742	329151	590843	1180617	1786020	2362766	2152290	2045875	1093061	423225	59524	6596	437	0	0	0	0	0	0	0	0
2003	2	1	0	2	15	0	0	0	0	0	0	0	0	558	227	145	150	298	4292	11054	23752	31339	39094	34398	38857	57380	102917	245664	461509	617542	679578	521532	350329	158954	69773	14470	1216	0	0	0	0	0	0	0	0	0
2004	1	1	0	2	15	0	0	0	0	0	0	0	0	173	875	6358	16236	36884	69284	153712	264046	508342	865357	1461320	2490033	3197906	4926079	5885151	7459446	5159005	3815358	1906787	1263202	422460	110098	11426	962	211	0	0	0	0	0	0	0	0
2004	2	1	0	2	15	0	0	0	0	0	0	0	0	457	381	361	1628	2185	1228	834	454	1491	5051	31950	105397	302253	1038522	3153298	6490269	6805442	5185833	2481628	978984	214974	34981	741	0	0	0	0	0	0	0	0	0	0
2005	1	1	0	2	15	0	0	0	0	0	0	0	0	0	46	308	1333	5501	21865	65509	180180	392513	624862	925134	2004971	2289948	2666614	2169033	1581528	1825358	2768460	2592545	2243909	1180018	329887	33936	1414	0	0	0	0	0	0	0	0	0
2005	2	1	0	2	15	0	0	0	0	0	0	0	0	0	0	0	878	1098	2872	4326	2906	3703	8010	14369	37514	92365	459245	1473640	2978919	4429613	4506088	3128591	1766246	828290	359239	69167	12564	170	0	0	0	0	0	0	0	0
2006	1	1	0	2	15	0	0	0	0	0	0	0	0	0	0	285	216	853	1879	2979	7703	24544	56960	103884	228118	456935	805755	1101229	1297410	1470741	1700177	1534894	1333529	649756	223165	32139	5109	1520	0	0	0	0	0	0	0	0
2006	2	1	0	2	15	0	0	0	0	0	0	0	0	0	0	374	1832	6052	22322	65745	116096	175606	259538	244541	259077	194166	320053	696087	1509720	2086904	2206557	1442521	826156	232168	61225	5917	1158	0	278	0	0	0	0	0	0	0
2007	1	1	0	2	15	0	0	0	0	0	0	0	0	47	167	725	621	619	964	3680	12538	116120	376673	939699	1803448	2446169	3280955	2609117	2139063	1752073	2169890	1557720	944456	335235	93667	7164	3368	0	0	0	0	0	0	0	0	0
2007	2	1	0	2	15	0	0	0	0	0	0	0	0	357	1627	2913	4129	5269	9564	11042	18615	16834	27533	45434	207712	506160	778409	1628188	2743135	3065546	2692380	1643249	562697	969479	20856	2877	0	0	0	0	0	0	0	0	0	0
2008	1	1	0	2	15	0	0	0	0	0	0	0	0	0	0	0	0	0	5658	10693	20772	69952	148243	260450	548316	939457	1355535	2237329	3639015	4008571	3593067	2012540	872099	187549	5418	0	0	0	0	0	0	0	0	0	0	0
2008	2	1	0	2	15	0	0	0	0	0	0	0	0	0	0	0	0	2019	1038	1155	957	794	1154	26858	104057	767353	1507857	1598073	1494982	1494489	1185254	687927	229032	70800	15752	810	0	0	0	0	0	0	0	0	0	0
2009	1	1	0	2	15	0	0	0	0	0	0	0	0	0	0	0	0	706	82	1693	4642	16575	95836	223684	431281	523271	809041	894848	961694	513503	242252	78585	20692	3791	25	0	0	0	0	0	0	0	0	0	0	0
2009	2	1	0	2	15	0	0	0	0	0	0	0	0	0	6	202	587	5251	7695	12308	10593	10840	48222	318234	838211	812514	747971	715582	839993	649710	366253	119751	35480	5635	93	55	0	0	0	0	0	0	0	0	0	0
2010	1	1	0	2	15	0	0	0	0	0	0	0	0	0	0	0	0	0	198	853	886	4467	24901	73994	158989	248604	320482	550849	932403	1698708	2233608	2579329	2197586	1674048	907474	372650	77197	12837	170	0	0	0	0	0	0	0
2010	2	1	0	2	15	0	0	0	0	0	0	0	0	0	0	0	93	497	1762	3042	5539	10824	24312	45174	108062	281458	606101	1120117	1528615	1609226	1137722	720885	384841	252997	163338	106024	39748	9861	191	0	0	0	0	0	0	0
2011	1	1	0	2	15	0	0	0	0	0	0	0	0	131	1559	6905	29268	60141	151699	194776	351297	560563	929369	1726195	2656297	2761656	2312955	3911326	6249230	4931254	3113000	1446172	608195	93867	18559	833	0	0	0	0	0	0	0	0	0	0
2011	2	1	0	2	15	0	0	0	0	0	0	0	0	21	21	104	581	309	265	221	262	283	1648	40151	278936	955604	2159131	2946634	3432483	2742473	1938969	943385	407466	98295	12527	480	0	0	0	0	0	0	0	0	0	0
2012	1	1	0	2	15	0	0	0	0	0	0	0	0	0	0	0	375	356	950	2286	9158	44180	95964	189820	359664	709598	1063246	1291012	1726910	2026829	1889278	1183800	527193	167319	39745	4205	355	0	0	0	0	0	0	0	0	0
2012	2	1	0	2	15	0	0	0	0	0	0	0	0	600	206	0	260	429	1661	2529	5944	23033	43510	147396	560212	1725534	2960660	3696265	3964138	3585053	3025746	1824009	643104	137879	21104	1528	0	0	0	0	0	0	0	0	0	0
2013	1	1	0	2	15	0	0	0	0	0	0	0	0	1056	1073	978	1023	3402	4389	7846	15716	41534	64976	167099	224925	431368	970646	1843495	1856322	1421746	1193811	962191	490464	144972	27241	1791	142	0	0	0	0	0	0	0	0	0
2013	2	1	0	2	15	0	0	0	0	0	0	0	0	355	736	1357	2373	4314	5512	4217	4588	15096	36364	72356	123608	268487	597012	2361453	4295254	5632981	4222991	1779976	409644	43899	5907	1859	0	0	0	0	0	0	0	0	0	0
2014	1	1	0	2	15	0	0	0	0	0	0	0	0	0	214	245	1149	7562	11907	37413	69878	133910	238365	456633	848453	1576754	2810258	3438334	3167745	2435104	1871766	883584	282555	36200	4642	269	49	0	0	0	0	0	0	0	0	0
2014	2	1	0	2	15	0	0	0	0	0	0	0	0	0	189	505	1133	4355	11358	24740	43508	74228	118257	204455	469990	1509993	3093182	3916869	3849488	2145324	1109276	357491	93176	3344	12294	0	0	0	0	0	0	0	0	0	0	0
2015	1	1	0	2	15	0	0	0	0	0	0	0	0	622	2110	2750	3678	6707	21983	57336	166186	347718	632372	1012806	1877612	2121611	2197774	1785251	1539277	748338	412435	94731	24441	571	260	0	0	0	0	0	0	0	0	0	0	0
2015	2	1	0	2	15	0	0	0	0	0	0	0	0	0	0	192	1125	7230	16843	51684	179928	762978	1939529	2897179	3209474	2518099	2282258	1674136	1140823	394102	136742	17028	1575	175	0	0	0	0	0	0	0	0	0	0	0	0
2016	1	1	0	2	15	0	0	0	0	0	0	0	0	463	2556	11654	87640	133357	219431	339736	586475	904053	1502712	1747350	2121196	1625706	1108294	420096	138531	33133	9528	2169	1580	21	0	0	0	0	0	0	0	0	0	0	0	0
2016	2	1	0	2	15	0	0	0	0	0	0	0	0	4176	9322	29230	31498	60629	71305	91344	235064	668957	1327978	1608453	1834986	1126812	631845	181336	74133	17394	525	17	0	0	0	0	0	0	0	0	0	0	0	0	0	0
#Fisheries Peru
1984	1	2	0	2	15	0	0	0	0	0	0	0	0	0	0	0	0	2269	2012	7529	9852	19042	32372	55247	78514	98185	102155	85112	29178	10568	1162	0	0	0	0	0	0	0	0	0	0	0	0	0	0	0
1985	1	2	0	2	15	0	0	0	0	0	0	0	0	796	3984	9296	9842	16077	46434	83167	196630	266163	339167	368375	404911	286243	239936	190808	148054	90824	39559	26423	17621	4713	3512	0	0	0	0	0	0	0	0	0	0	0
1985	2	2	0	2	15	0	0	0	0	0	0	0	0	0	0	0	0	0	0	0	0	0	0	4576	4110	17073	44210	63005	125068	250538	473543	885296	1153395	661169	199833	25989	1211	0	0	0	0	0	0	0	0	0
1986	1	2	0	2	15	0	0	0	0	0	0	0	0	0	0	0	0	561	15139	183249	587808	1087317	1531662	1608919	1474261	1068919	784226	477422	297626	169400	149424	388527	1042002	1520723	891330	201286	13724	0	0	0	0	0	0	0	0	0
1986	2	2	0	2	15	0	0	0	0	0	0	0	0	0	0	0	0	0	0	0	211	1362	6120	21749	30068	13756	13169	4859	2557	1286	1108	1349	2805	10764	14943	5527	1246	0	0	0	0	0	0	0	0	0
1987	1	2	0	2	15	0	0	0	0	0	0	0	0	0	6153	21910	144826	152192	107761	224067	440411	709294	1034675	1068180	997819	724061	691951	575588	610461	616469	449656	398343	186145	167920	214582	217725	133693	33473	3398	0	0	0	0	0	0	0
1987	2	2	0	2	15	0	0	0	0	0	0	0	0	0	0	0	0	0	0	0	0	0	1784	13343	58642	135749	236236	322462	340415	375363	488168	675019	614670	328234	122512	59881	26886	8141	13	0	0	0	0	0	0	0
1988	1	2	0	2	15	0	0	0	0	0	0	0	0	0	6153	21910	144826	152192	107761	224067	440411	709294	1034675	1068180	997819	724061	691951	575588	610461	616469	449656	398343	186145	167920	214582	217725	133693	33473	3398	0	0	0	0	0	0	0
1988	2	2	0	2	15	0	0	0	0	0	0	0	0	0	0	0	0	0	0	0	0	0	1784	13343	58642	135749	236236	322462	340415	375363	488168	675019	614670	328234	122512	59881	26886	8141	13	0	0	0	0	0	0	0
1989	1	2	0	2	15	0	0	0	0	0	0	0	0	0	0	0	0	507	5767	36527	69293	149239	399274	911279	1148884	1566378	2031262	2269088	2105459	1904793	1441483	1350088	1023589	694780	250296	27485	3306	368	0	0	0	0	0	0	0	0
1989	2	2	0	2	15	0	0	0	0	0	0	0	0	0	0	0	0	0	0	0	0	0	0	788	1838	1861	3627	10947	18334	34365	45605	82298	149172	165273	106374	33966	7084	240	0	0	0	0	0	0	0	0
1990	1	2	0	2	15	0	0	0	0	0	0	0	0	0	0	0	0	0	0	0	14248	7713	29182	59067	262164	378959	610162	781549	1037907	835571	866006	703615	660242	577123	647110	347127	154185	27374	2748	0	0	0	0	0	0	0
1990	2	2	0	2	15	0	0	0	0	0	0	0	0	0	0	0	0	336	548	860	1774	2345	4254	4519	5327	8122	18579	24485	39308	40139	31777	35790	23375	24548	26468	18355	8340	1805	0	0	0	0	0	0	0	0
1991	1	2	0	2	15	0	0	0	0	0	0	0	0	0	0	0	0	0	0	0	0	0	0	0	30992	107303	390781	1029366	2114402	3370722	3232029	2165487	996246	351713	105824	23519	3098	0	0	0	0	0	0	0	0	0
1991	2	2	0	2	15	0	0	0	0	0	0	0	0	0	0	0	0	0	0	1771	7490	9497	7237	4458	4377	3708	16477	64849	243982	433851	420796	250458	132756	55694	17821	4366	118	42	0	0	0	0	0	0	0	0
1992	1	2	0	2	15	0	0	0	0	0	0	0	0	0	0	0	0	0	37298	74589	141058	309067	1111732	2403816	4328795	5441607	5593783	4394223	2427533	1059823	518660	313970	215399	88169	27671	5149	0	0	0	0	0	0	0	0	0	0
1992	2	2	0	2	15	0	0	0	0	0	0	0	0	0	0	0	0	0	0	0	0	0	397	4626	54038	120157	333811	1197457	3103591	5400490	6175041	4030711	1181014	176318	19399	0	0	0	0	0	0	0	0	0	0	0
1993	1	2	0	2	15	0	0	0	0	0	0	0	0	6135	23112	66339	81819	156661	211908	369873	423705	451479	477207	500720	606026	1032188	1608777	2609925	3353471	3833244	2963770	1548082	418423	17740	2211	89	0	0	0	0	0	0	0	0	0	0
1993	2	2	0	2	15	0	0	0	0	0	0	0	0	1163	3488	11317	23485	96983	166858	303009	406921	651293	964255	1508397	1878196	1810968	1249179	714829	517311	517012	384914	228549	112732	22793	0	0	0	0	0	0	0	0	0	0	0	0
1994	1	2	0	2	15	0	0	0	0	0	0	0	0	0	0	0	19797	64359	140442	295679	803841	1557753	2414354	4118579	4647772	5597839	6046664	6046147	4831736	3289790	1633213	766817	295229	43719	1386	149	93	0	0	0	0	0	0	0	0	0
1994	2	2	0	2	15	0	0	0	0	0	0	0	0	0	0	0	0	11457	149993	492025	735500	926637	1374861	1867048	2077133	1720140	1338852	1043933	1131958	2024164	2146082	1295027	576735	61252	2044	0	1	0	0	0	0	0	0	0	0	0
1995	1	2	0	2	15	0	0	0	0	0	0	0	0	65	452	0	129	1610	6321	272034	793131	1189813	1600098	1649128	2123380	3599828	5932842	7919466	8737225	10212898	12500599	9254000	3717740	759506	61888	3315	186	0	0	0	0	0	0	0	0	0
1995	2	2	0	2	15	0	0	0	0	0	0	0	0	0	0	0	0	0	0	88	176	1114	4548	19797	62103	196850	493699	978642	1252507	1122229	664001	429261	236243	91714	12612	1563	0	0	0	0	0	0	0	0	0	0
1996	1	2	0	2	15	0	0	0	0	0	0	0	0	8	11	32	70	89	78	53	144	5247	14591	33518	63863	98090	111064	155025	310310	765258	1241823	1121471	719506	284555	72995	5264	131	0	0	0	0	0	0	0	0	0
1996	2	2	0	2	15	0	0	0	0	0	0	0	0	0	0	6	19	43	43	532	1249	5289	12480	28990	52685	80055	87023	81860	86256	113611	180751	344686	420603	287723	113852	22573	0	0	0	0	0	0	0	0	0	0
1997	1	2	0	2	15	0	0	0	0	0	0	0	0	0	73	1253	2507	11241	29902	107466	285439	775337	1650933	3376765	5380592	7171755	8075960	7254756	5813017	4427256	3214619	1738688	939770	699452	295534	67724	4727	0	0	0	0	0	0	0	0	0
1997	2	2	0	2	15	0	0	0	0	0	0	0	0	0	86	111	286	1146	1948	3004	8534	34126	135393	434066	939074	1458656	1837807	1805162	1484344	1061171	854193	550381	247194	66849	17596	3336	587	13	0	0	0	0	0	0	0	0
1998	1	2	0	2	15	0	0	0	0	0	0	0	0	12	240	4326	26440	87829	181200	355212	821655	1595136	2656898	3758700	4492061	3917646	2902045	1356581	534960	149813	88239	93853	51009	9379	272	0	43	0	0	0	0	0	0	0	0	0
1998	2	2	0	2	15	0	0	0	0	0	0	0	0	449	1573	3845	12320	28578	52916	82847	119715	153758	117514	78423	61444	62166	68524	59063	70277	40568	24907	6047	755	0	0	0	0	0	0	0	0	0	0	0	0	0
1999	1	2	0	2	15	0	0	0	0	0	0	0	0	275	989	9669	28557	58194	102256	161947	270766	444504	735278	1179425	1735386	2344204	2804990	2714982	2759974	2186809	1677539	1132790	593137	164378	28272	1593	0	0	0	0	0	0	0	0	0	0
1999	2	2	0	2	15	0	0	0	0	0	0	0	0	0	70	178	496	2439	5406	11395	19847	33069	52736	91940	175483	306552	583352	799977	1214536	1296713	902848	455203	266936	108627	27001	3302	186	0	0	0	0	0	0	0	0	0
2000	1	2	0	2	15	0	0	0	0	0	0	0	0	0	0	0	0	0	86	3663	6375	17906	23646	50816	66558	103039	298323	918464	3239952	5213135	4391945	2263757	1233281	531604	189927	32276	1446	84	0	0	0	0	0	0	0	0
2000	2	2	0	2	15	0	0	0	0	0	0	0	0	0	0	0	0	0	48	398	1704	3680	8169	16342	29336	48020	65554	60954	37567	16730	7261	5795	9449	9321	3132	317	0	0	0	0	0	0	0	0	0	0
2001	1	2	0	2	15	0	0	0	0	0	0	0	0	0	0	0	0	502	4010	25221	69807	194578	442857	1006598	1759756	2480292	3321077	3110157	2656010	1530940	787732	434512	404881	290566	115828	18460	1681	146	8	0	0	0	0	0	0	0
2001	2	2	0	2	15	0	0	0	0	0	0	0	0	0	0	0	0	0	0	0	0	0	0	0	0	0	0	60	476	2380	3398	1907	549	73	30	0	0	0	0	0	0	0	0	0	0	0
2002	1	2	0	2	15	0	0	0	0	0	0	0	0	7069	17564	30724	43567	77056	133426	270442	552600	1385826	2800553	4662454	6606593	7892942	8318241	7391324	5555454	2883455	1281453	798765	471355	179662	36993	1614	365	14	92	0	0	0	0	0	0	0
2002	2	2	0	2	15	0	0	0	0	0	0	0	0	0	0	0	0	0	0	999	1572	16698	190989	1324101	3333872	4290969	3900664	5092876	5860828	3371636	1346775	451987	128753	12679	1411	61	0	0	0	0	0	0	0	0	0	0
2003	1	2	0	2	15	0	0	0	0	0	0	0	0	308	440	610	2010	7008	14284	18317	19284	17995	26504	52434	112961	236229	582066	1696553	2835897	1888115	838687	289382	78904	17659	2747	0	25	0	0	0	0	0	0	0	0	0
2003	2	2	0	2	15	0	0	0	0	0	0	0	0	0	35	167	692	1639	3674	7831	10273	12792	14942	39275	68523	83993	131053	139828	112574	62319	26672	9291	1549	257	0	0	0	0	0	0	0	0	0	0	0	0
2004	1	2	0	2	15	0	0	0	0	0	0	0	0	1045	6622	31739	101998	345020	906212	1906690	2986718	4167357	5061679	5750851	5956054	5447515	4295762	2601234	1459924	709543	277164	103781	30034	3640	427	30	15	0	0	0	0	0	0	0	0	0
2004	2	2	0	2	15	0	0	0	0	0	0	0	0	0	0	170	758	1725	2374	4765	9278	20324	45078	120275	249269	537936	1051882	1699010	2011673	1592422	1037009	426729	111989	16266	682	0	0	0	0	0	0	0	0	0	0	0
2005	1	2	0	2	15	0	0	0	0	0	0	0	0	2179	23744	148362	464299	1146435	1930475	2721869	3436589	3736850	4273155	5379040	6472632	6271138	6008335	5002589	5015057	4802623	4344834	2468111	824358	144093	10717	317	0	0	0	0	0	0	0	0	0	0
2005	2	2	0	2	15	0	0	0	0	0	0	0	0	0	14	11	11	104	171	335	1000	6072	14838	65048	194569	356465	415361	363943	308208	289666	181942	72608	21377	4894	478	0	0	0	0	0	0	0	0	0	0	0
2006	1	2	0	2	15	0	0	0	0	0	0	0	0	245	4060	30596	135691	432871	988409	1494777	2202338	2455252	2792431	2943493	3078216	2991483	2817423	3070098	4217442	4946536	3659238	1687070	537110	101062	7597	269	0	16	0	0	0	0	0	0	0	0
2006	2	2	0	2	15	0	0	0	0	0	0	0	0	0	273	712	3826	26102	58113	119770	186165	187088	155179	175878	285318	627097	1014819	1553278	1817110	1485954	970980	509538	196543	42253	2278	18	0	0	0	0	0	0	0	0	0	0
2007	1	2	0	2	15	0	0	0	0	0	0	0	0	292	1873	19602	63323	210876	386753	744434	1240343	1811913	2282461	3086240	3825144	4081422	4133984	4824811	5683792	5199640	3159087	1452136	514707	93546	4117	22	22	0	0	0	0	0	0	0	0	0
2007	2	2	0	2	15	0	0	0	0	0	0	0	0	0	153	8368	29452	66243	72399	107257	142188	217047	309769	436743	529235	634790	766905	924318	1055137	1160056	822370	397472	139618	23763	380	0	0	0	0	0	0	0	0	0	0	0
2008	1	2	0	2	15	0	0	0	0	0	0	0	0	3129	12086	42931	98680	217152	473394	773826	1162010	1646578	2158355	2972326	3657298	4133302	3918222	3690787	3841069	3467012	2323144	1164628	398028	84915	19917	5628	145	0	0	0	0	0	0	0	0	0
2008	2	2	0	2	15	0	0	0	0	0	0	0	0	430	18424	92502	249425	462925	560976	553015	628507	645096	652169	827120	1225405	1864738	2387677	2127369	1193158	514409	231705	96662	30130	4950	0	0	0	0	0	0	0	0	0	0	0	0
2009	1	2	0	2	15	0	0	0	0	0	0	0	0	56	99	489	794	4046	9217	20336	37477	76818	105232	138636	140076	175245	215304	263597	215750	127016	62270	22035	5011	753	47	0	0	0	0	0	0	0	0	0	0	0
2009	2	2	0	2	15	0	0	0	0	0	0	0	0	0	9	103	214	1176	2297	4171	9629	13511	38068	95433	117722	127241	201085	293240	353335	188529	71744	20582	5348	1711	11	0	0	0	0	0	0	0	0	0	0	0
2010	1	2	0	2	15	0	0	0	0	0	0	0	0	4935	12253	40823	93875	182142	306532	506633	843268	1088412	1338892	1484770	1882427	2593865	2820014	2228507	1609566	933819	401954	143562	34257	3244	312	0	0	0	0	0	0	0	0	0	0	0
2010	2	2	0	2	15	0	0	0	0	0	0	0	0	0	0	0	0	325	844	6549	24266	62748	148622	200773	272098	252642	186271	60387	22065	7661	3145	1149	126	0	0	0	0	0	0	0	0	0	0	0	0	0
2011	1	2	0	2	15	0	0	0	0	0	0	0	0	0	131	1691	8596	37065	91723	221796	375655	660708	1127225	1891893	3156633	4801656	5567297	3808738	1540986	443357	101632	9097	76	5	0	0	0	0	0	0	0	0	0	0	0	0
2011	2	2	0	2	15	0	0	0	0	0	0	0	0	0	176	1285	2733	9361	7740	16490	39325	129841	326553	653191	1135019	1697645	1988265	1815889	1931273	2431925	1912656	936129	214449	13755	434	0	0	0	0	0	0	0	0	0	0	0
2012	1	2	0	2	15	0	0	0	0	0	0	0	0	0	0	0	24	47	103	2623	6363	19985	45041	100691	242976	503262	665107	556898	366467	244304	159067	74081	18103	1594	0	0	0	0	0	0	0	0	0	0	0	0
2012	2	2	0	2	15	0	0	0	0	0	0	0	0	0	0	0	65	227	162	1183	4560	5633	5244	8543	38591	147748	334809	491195	500512	250396	64327	12063	256	20	0	0	0	0	0	0	0	0	0	0	0	0
2013	1	2	0	2	15	0	0	0	0	0	0	0	0	0	0	485	1740	3538	2819	2624	5399	7380	12834	37977	167358	553222	1477955	2712018	2375790	843695	125460	8415	509	34	0	0	0	0	0	0	0	0	0	0	0	0
2013	2	2	0	2	15	0	0	0	0	0	0	0	0	260	1771	6981	10108	31909	69076	157591	241541	375341	585703	1077125	2082800	3485541	4331512	3281652	1691332	1237771	748145	255864	37345	385	0	0	0	0	0	0	0	0	0	0	0	0
2014	1	2	0	2	15	0	0	0	0	0	0	0	0	0	0	172	1250	2626	5706	14019	14380	29133	37578	62438	84423	124221	108629	62949	27792	12240	4967	954	157	0	0	0	0	0	0	0	0	0	0	0	0	0
2014	2	2	0	2	15	0	0	0	0	0	0	0	0	80	261	2855	9187	28909	71207	224135	653852	1578920	2525787	3340545	3321055	2852545	2129035	1356656	597233	148458	25109	1312	135	0	0	0	0	0	0	0	0	0	0	0	0	0
2015	1	2	0	2	15	0	0	0	0	0	0	0	0	669	3257	7794	18110	48800	128851	311998	503588	597621	585237	576399	518423	378575	255757	148327	52318	9259	602	0	0	0	0	0	0	0	0	0	0	0	0	0	0	0
2015	2	2	0	2	15	0	0	0	0	0	0	0	0	0	0	1043	3407	39568	169019	414490	639850	1169898	1868806	2832533	2767969	1748376	679342	126693	12462	860	0	0	0	0	0	0	0	0	0	0	0	0	0	0	0	0
2016	1	2	0	2	15	0	0	0	0	0	0	0	0	0	0	1446	1392	3060	5889	14502	35564	78682	190149	371184	574931	634297	340637	66763	7221	1104	0	0	0	0	0	0	0	0	0	0	0	0	0	0	0	0
##############################
6	#_N_age_bins
#Age_bins
0.5	1.0	1.5	2.0	2.5	3.0
0	#_N_ageerror_definitions
0	#_N_Agecomp_obs
0	#_Lbin_method:	1=poplenbins;	2=datalenbins;	3=lengths
0	#_combine_males_into_females_at_or_below_this_bin_number
#Yr	Seas	Flt/Svy	Gender	Part	Ageerr	Lbin_lo	Lbin_hi	Nsamp	datavector(female-male)
-1	#_N_MeanSize-at-Age_obs
#Yr	Seas	Flt/Svy	Gender	Part	Ageerr	Ignore	datavector(female-male)
#	samplesize(female-male)
0	#_N_environ_variables
0	#_N_environ_obs
0	#_N_sizefreq_methods_to_read
0	#_no_tag_data
0	#_no_morphcomp_data
999
